100 1800 true
Current Pedestrians
Current Vehicles
Current Objects
End Step
SimulationStep: 1
Current Pedestrians
9203 10529 false
9965 5624 false
12984 5975 false
Current Vehicles
4666 4666 4687 4687 692 732 692 731 229 40 47
4643 4644 4664 4665 692 732 692 732 52 199 19
4728 4728 4737 4737 696 723 696 723 185 139 175
4688 4689 4709 4710 692 731 691 731 71 41 53
4742 4743 4760 4761 688 724 688 724 121 46 214
4772 4773 4790 4791 688 724 688 724 204 48 167
4713 4713 4722 4722 696 723 696 723 163 3 254
4616 4616 4625 4625 697 724 697 724 179 108 249
4631 4631 4639 4639 690 719 690 719 142 230 92
6886 6913 6871 6898 331 360 345 374 1 204 84
6855 6873 6848 6867 367 386 373 392 128 253 233
6915 6934 6909 6927 310 330 316 336 252 168 105
6904 6923 6898 6916 321 340 327 346 160 155 165
6839 6864 6826 6851 371 397 383 409 141 135 142
6927 6952 6914 6938 289 315 301 327 142 128 90
6828 6875 6809 6856 391 441 409 459 172 57 3
6871 6890 6865 6883 351 371 357 377 227 166 173
9903 9893 9912 9902 515 540 518 543 48 11 56
9931 9921 9940 9930 526 551 529 554 209 74 31
9954 9941 9971 9958 527 560 533 567 177 25 16
10064 10054 10073 10063 577 602 580 606 112 79 91
10003 9990 10020 10007 545 579 552 586 104 28 153
10038 10025 10055 10042 559 593 565 599 225 115 68
9973 9963 9982 9972 542 567 545 570 228 164 208
9917 9907 9926 9916 520 546 524 549 182 21 123
9987 9977 9996 9986 547 573 551 576 205 211 198
14784 14791 14810 14817 9 77 6 74 110 241 18
14761 14765 14779 14783 4 40 2 38 247 46 110
14852 14855 14861 14864 2 28 1 28 154 17 167
14813 14817 14831 14835 -2 34 -4 32 122 27 235
14865 14869 14883 14887 -7 28 -9 26 162 32 57
14718 14721 14727 14730 16 43 15 42 159 87 244
14837 14840 14846 14849 3 30 2 29 1 252 30
14730 14734 14751 14755 10 50 8 47 31 108 232
17551 17525 17554 17528 1535 1542 1543 1551 100 184 232
17548 17521 17550 17523 1497 1505 1505 1512 79 75 83
17535 17509 17537 17511 1477 1484 1485 1493 160 46 40
17504 17478 17507 17481 1369 1376 1377 1385 99 56 63
17562 17528 17567 17533 1546 1556 1563 1573 40 231 239
17562 17536 17564 17538 1571 1578 1579 1587 85 60 105
17521 17482 17526 17488 1408 1419 1429 1439 115 73 167
17508 17482 17511 17485 1383 1390 1392 1399 9 166 190
17545 17519 17548 17522 1513 1520 1522 1529 21 18 252
16622 16595 16622 16595 6168 6168 6177 6177 192 45 173
16629 16593 16629 16593 6205 6204 6223 6222 11 104 108
16626 16587 16626 16586 6226 6225 6247 6246 152 168 68
16622 16595 16622 16595 6130 6130 6139 6139 148 91 85
16630 16594 16630 16594 6092 6092 6110 6110 186 58 132
16621 16594 16621 16594 6250 6250 6259 6259 249 69 207
16629 16593 16629 16593 6182 6182 6200 6200 53 48 120
16623 16596 16623 16596 6055 6055 6064 6064 172 217 4
13929 13926 13938 13934 11239 11212 11238 11211 142 178 7
13952 13947 13970 13965 11244 11208 11241 11205 4 189 254
13996 13992 14014 14009 11238 11202 11235 11200 51 203 222
14018 14015 14027 14024 11227 11200 11226 11199 137 142 253
14054 14049 14075 14070 11227 11188 11225 11185 216 240 72
14077 14067 14103 14093 11219 11144 11215 11141 80 234 93
14106 14101 14127 14122 11220 11181 11218 11178 31 152 142
14130 14125 14148 14143 11220 11184 11218 11182 64 6 250
9279 9274 9288 9283 10939 10912 10937 10911 234 184 210
9412 9407 9430 9424 10924 10889 10921 10886 197 4 141
9434 9430 9443 9439 10913 10886 10911 10885 11 66 90
9449 9445 9458 9453 10910 10884 10909 10882 182 200 139
9323 9319 9332 9328 10931 10905 10930 10903 251 12 213
9294 9288 9312 9306 10944 10908 10941 10905 124 14 194
9339 9335 9347 9343 10936 10908 10934 10906 245 75 70
9351 9345 9372 9366 10932 10892 10928 10889 181 94 210
6207 6194 6215 6201 11322 11299 11317 11294 190 182 192
6039 6025 6046 6033 11420 11397 11415 11392 79 138 198
6191 6173 6206 6188 11340 11309 11331 11300 26 211 80
6091 6071 6109 6089 11395 11361 11385 11350 65 224 141
6111 6040 6141 6070 11384 11260 11366 11243 92 95 10
6142 6129 6150 6137 11360 11336 11355 11332 132 28 189
6159 6145 6166 6152 11358 11333 11354 11329 149 120 149
6051 6016 6073 6039 11413 11354 11400 11341 26 240 195
6169 6149 6187 6167 11350 11316 11339 11305 114 112 83
1763 1771 1772 1780 11049 11023 11052 11026 5 140 64
1864 1872 1872 1880 11080 11054 11082 11056 34 113 143
1806 1814 1815 1823 11062 11036 11065 11039 27 78 16
1663 1671 1672 1679 11019 10993 11021 10995 100 54 173
1792 1800 1801 1809 11058 11032 11061 11035 223 97 67
1818 1828 1835 1846 11074 11039 11079 11044 2 52 28
1842 1850 1851 1859 11073 11047 11076 11050 203 119 61
1011 1038 1011 1038 6101 6103 6110 6112 120 4 31
1010 1037 1010 1037 6116 6118 6125 6127 188 31 12
1004 1044 1003 1043 6128 6131 6149 6152 116 67 24
1003 1030 1002 1029 6236 6237 6245 6246 136 67 20
1005 1032 1004 1031 6198 6200 6207 6209 95 211 84
1014 1041 1014 1040 6056 6058 6065 6067 247 199 30
1002 1156 1000 1154 6151 6161 6187 6197 172 89 155
1004 1031 1004 1030 6213 6215 6222 6224 156 10 67
996 1150 994 1148 6248 6258 6284 6294 11 205 11
1687 1689 1693 1695 11035 11029 11036 11031 0 0 0
Current Objects
End Step
SimulationStep: 2
Current Pedestrians
9205 10528 false
9965 5626 false
12984 5975 false
14263 7912 false
13973 2214 false
Current Vehicles
4666 4666 4687 4687 703 743 703 743 229 40 47
4643 4644 4664 4665 704 743 703 743 52 199 19
4728 4729 4737 4738 726 753 725 752 185 139 175
4688 4689 4709 4710 703 743 703 743 71 41 53
4742 4743 4760 4761 691 727 691 727 121 46 214
4772 4773 4790 4791 691 727 690 726 204 48 167
4713 4714 4722 4723 726 753 726 753 163 3 254
4616 4616 4625 4625 727 754 727 754 179 108 249
4631 4631 4639 4639 695 723 694 723 142 230 92
6894 6921 6879 6906 339 368 354 383 1 204 84
6875 6893 6868 6887 388 408 394 414 128 253 233
6935 6954 6929 6947 332 352 338 358 252 168 105
6924 6943 6918 6936 342 362 348 368 160 155 165
6841 6866 6828 6853 373 399 385 411 141 135 142
6929 6953 6916 6940 291 317 303 329 142 128 90
6850 6896 6831 6877 414 464 432 482 172 57 3
6891 6910 6885 6903 373 392 379 399 227 166 173
9893 9883 9901 9891 543 568 546 571 48 11 56
9921 9911 9929 9919 553 578 557 582 209 74 31
9953 9940 9970 9957 529 563 536 569 177 25 16
10054 10044 10062 10052 605 630 608 633 112 79 91
10002 9989 10019 10006 548 582 554 588 104 28 153
10037 10024 10054 10041 561 595 568 602 225 115 68
9963 9953 9971 9961 569 595 573 598 228 164 208
9907 9897 9915 9905 548 573 551 576 182 21 123
9977 9967 9985 9975 575 600 578 603 205 211 198
14787 14795 14813 14820 40 108 38 105 110 241 18
14761 14765 14779 14783 7 43 5 41 247 46 110
14855 14858 14864 14867 31 58 30 57 154 17 167
14813 14817 14831 14835 1 37 -1 35 122 27 235
14866 14870 14884 14887 -5 31 -7 29 162 32 57
14721 14724 14730 14733 46 73 45 72 159 87 244
14840 14843 14849 14852 33 59 32 58 1 252 30
14731 14736 14752 14756 22 61 19 59 31 108 232
17523 17497 17525 17499 1543 1550 1551 1559 100 184 232
17544 17516 17546 17518 1498 1506 1506 1514 79 75 83
17507 17481 17509 17483 1485 1492 1494 1501 160 46 40
17476 17450 17478 17452 1377 1384 1385 1393 99 56 63
17560 17525 17565 17530 1547 1557 1564 1574 40 231 239
17533 17507 17536 17510 1579 1586 1587 1595 85 60 105
17509 17471 17515 17477 1412 1422 1432 1443 115 73 167
17480 17454 17482 17456 1391 1398 1400 1407 9 166 190
17517 17491 17519 17493 1521 1528 1530 1537 21 18 252
16592 16565 16592 16565 6168 6167 6177 6176 192 45 173
16626 16590 16626 16590 6205 6204 6223 6222 11 104 108
16615 16575 16615 16575 6226 6225 6247 6246 152 168 68
16593 16566 16593 16566 6130 6130 6139 6139 148 91 85
16627 16591 16627 16591 6092 6092 6110 6110 186 58 132
16592 16565 16592 16565 6250 6250 6259 6259 249 69 207
16627 16591 16626 16590 6182 6182 6200 6200 53 48 120
16593 16566 16593 16566 6055 6055 6064 6064 172 217 4
13925 13922 13934 13931 11210 11183 11209 11182 142 178 7
13951 13947 13969 13964 11241 11205 11239 11203 4 189 254
13996 13991 14014 14009 11235 11199 11233 11197 51 203 222
14014 14011 14023 14020 11198 11171 11197 11170 137 142 253
14052 14047 14073 14068 11216 11176 11213 11174 216 240 72
14073 14063 14099 14089 11187 11113 11184 11109 80 234 93
14104 14099 14125 14120 11209 11170 11206 11167 31 152 142
14130 14125 14148 14143 11217 11182 11215 11179 64 6 250
9274 9270 9283 9278 10910 10883 10908 10881 234 184 210
9412 9406 9430 9424 10922 10886 10919 10883 197 4 141
9429 9425 9438 9434 10884 10857 10882 10856 11 66 90
9444 9440 9453 9449 10881 10855 10880 10853 182 200 139
9318 9314 9327 9323 10902 10876 10901 10874 251 12 213
9294 9288 9311 9305 10941 10906 10938 10903 124 14 194
9339 9334 9347 9342 10931 10903 10930 10902 245 75 70
9349 9343 9370 9364 10920 10881 10917 10878 181 94 210
6192 6179 6200 6187 11297 11273 11292 11269 190 182 192
6039 6025 6046 6033 11420 11397 11415 11392 79 138 198
6190 6171 6205 6187 11338 11307 11329 11298 26 211 80
6085 6065 6103 6083 11385 11351 11375 11340 65 224 141
6105 6034 6135 6064 11373 11250 11356 11233 92 95 10
6128 6114 6135 6122 11334 11311 11330 11306 132 28 189
6157 6143 6164 6150 11354 11330 11350 11326 149 120 149
6057 6023 6080 6045 11409 11350 11396 11337 26 240 195
6163 6143 6181 6161 11340 11306 11329 11295 114 112 83
1772 1780 1781 1788 11021 10995 11024 10998 5 140 64
1872 1880 1881 1889 11052 11026 11054 11028 34 113 143
1815 1823 1824 1831 11034 11008 11037 11011 27 78 16
1671 1679 1680 1688 10991 10965 10993 10967 100 54 173
1801 1808 1809 1817 11030 11004 11032 11007 223 97 67
1819 1829 1836 1846 11071 11037 11076 11042 2 52 28
1851 1859 1859 1867 11045 11019 11048 11022 203 119 61
1041 1068 1040 1067 6103 6105 6112 6114 120 4 31
1040 1067 1039 1066 6118 6120 6127 6129 188 31 12
1016 1056 1015 1054 6129 6132 6150 6153 116 67 24
1032 1059 1031 1058 6238 6239 6247 6248 136 67 20
1034 1061 1034 1061 6200 6202 6209 6211 95 211 84
1014 1041 1014 1040 6056 6058 6065 6067 247 199 30
1011 1165 1009 1163 6151 6161 6187 6197 172 89 155
1033 1060 1033 1060 6215 6217 6224 6226 156 10 67
1005 1159 1003 1157 6249 6258 6285 6294 11 205 11
1680 1682 1686 1687 11032 11026 11034 11028 0 0 0
6804 6831 6788 6816 408 437 422 451 161 219 100
1005 1011 1005 1011 6068 6069 6074 6075 0 0 0
Current Objects
End Step
SimulationStep: 3
Current Pedestrians
9207 10528 false
9965 5628 false
12984 5975 false
14263 7912 false
13973 2214 false
5512 10577 false
7138 446 false
13889 11008 false
Current Vehicles
4666 4667 4687 4688 727 767 727 766 229 40 47
4644 4644 4665 4665 727 767 727 767 52 199 19
4729 4729 4738 4738 785 812 784 811 185 139 175
4689 4689 4710 4710 727 766 726 766 71 41 53
4742 4743 4760 4761 696 732 696 732 121 46 214
4772 4773 4790 4791 696 732 696 732 204 48 167
4714 4714 4723 4723 785 812 785 812 163 3 254
4617 4617 4626 4626 786 813 786 813 179 108 249
4631 4631 4639 4639 703 732 703 732 142 230 92
6910 6937 6895 6922 356 385 371 400 1 204 84
6915 6934 6909 6927 431 451 437 457 128 253 233
6976 6994 6969 6987 375 395 381 401 252 168 105
6965 6983 6958 6976 385 405 391 411 160 155 165
6845 6869 6832 6856 377 403 389 415 141 135 142
6933 6957 6919 6944 295 321 307 333 142 128 90
6895 6941 6876 6922 462 512 480 530 172 57 3
6932 6950 6925 6944 416 436 422 442 227 166 173
9871 9862 9880 9870 598 623 601 626 48 11 56
9899 9890 9908 9898 608 634 612 637 209 74 31
9951 9938 9968 9955 534 568 541 574 177 25 16
10032 10023 10041 10031 660 685 663 688 112 79 91
10000 9987 10017 10004 553 587 559 593 104 28 153
10035 10022 10052 10039 567 600 573 607 225 115 68
9941 9932 9950 9940 625 650 628 653 228 164 208
9885 9876 9894 9884 603 628 606 631 182 21 123
9955 9946 9964 9954 630 655 633 658 205 211 198
14794 14802 14820 14828 106 174 103 171 110 241 18
14762 14766 14780 14784 12 48 10 46 247 46 110
14862 14865 14871 14874 90 116 89 115 154 17 167
14814 14818 14832 14836 6 42 4 40 122 27 235
14866 14870 14884 14888 1 36 -1 34 162 32 57
14727 14730 14736 14739 104 131 103 130 159 87 244
14847 14850 14856 14859 91 118 90 117 1 252 30
14734 14738 14755 14759 45 84 43 82 31 108 232
17466 17440 17469 17443 1559 1566 1567 1575 100 184 232
17535 17508 17537 17510 1501 1508 1508 1516 79 75 83
17450 17424 17452 17426 1501 1508 1510 1517 160 46 40
17419 17393 17421 17396 1393 1400 1401 1409 99 56 63
17555 17520 17560 17525 1548 1558 1566 1576 40 231 239
17476 17451 17479 17453 1595 1602 1603 1611 85 60 105
17487 17449 17493 17454 1418 1429 1438 1449 115 73 167
17423 17397 17426 17400 1407 1415 1416 1423 9 166 190
17460 17434 17463 17437 1537 1544 1546 1553 21 18 252
16533 16506 16533 16506 6167 6167 6176 6176 192 45 173
16621 16585 16621 16585 6205 6204 6223 6222 11 104 108
16591 16552 16591 16551 6225 6225 6246 6246 152 168 68
16534 16507 16534 16507 6130 6129 6139 6138 148 91 85
16622 16586 16622 16586 6092 6092 6110 6110 186 58 132
16533 16506 16533 16506 6250 6249 6259 6258 249 69 207
16621 16585 16621 16585 6182 6182 6200 6200 53 48 120
16534 16507 16534 16507 6055 6054 6064 6063 172 217 4
13917 13914 13926 13923 11151 11124 11150 11123 142 178 7
13951 13946 13968 13964 11236 11200 11233 11197 4 189 254
13995 13990 14013 14008 11230 11194 11227 11192 51 203 222
14007 14003 14016 14012 11139 11113 11138 11111 137 142 253
14049 14044 14070 14065 11193 11153 11190 11151 216 240 72
14064 14055 14090 14080 11124 11049 11120 11046 80 234 93
14101 14096 14122 14117 11186 11146 11183 11144 31 152 142
14129 14124 14147 14142 11212 11176 11210 11174 64 6 250
9264 9260 9273 9269 10851 10825 10850 10823 234 184 210
9411 9405 9429 9423 10916 10881 10913 10878 197 4 141
9420 9415 9429 9424 10826 10799 10824 10797 11 66 90
9434 9430 9443 9439 10823 10796 10822 10795 182 200 139
9309 9304 9318 9313 10844 10817 10842 10816 251 12 213
9293 9287 9310 9305 10936 10900 10933 10897 124 14 194
9337 9333 9345 9341 10923 10894 10921 10893 245 75 70
9346 9339 9366 9360 10897 10858 10894 10854 181 94 210
6163 6149 6171 6157 11245 11222 11241 11218 190 182 192
6045 6032 6053 6039 11416 11393 11412 11388 79 138 198
6187 6169 6202 6184 11333 11302 11324 11293 26 211 80
6073 6053 6092 6072 11365 11331 11354 11320 65 224 141
6093 6022 6124 6052 11353 11230 11335 11212 92 95 10
6098 6084 6106 6092 11283 11260 11279 11255 132 28 189
6153 6138 6159 6145 11347 11322 11343 11318 149 120 149
6064 6029 6086 6052 11405 11346 11392 11333 26 240 195
6151 6131 6169 6149 11320 11285 11309 11275 114 112 83
1789 1797 1798 1806 10965 10939 10967 10941 5 140 64
1890 1897 1898 1906 10995 10969 10998 10972 34 113 143
1832 1840 1841 1849 10978 10952 10980 10954 27 78 16
1689 1696 1697 1705 10934 10908 10937 10911 100 54 173
1818 1826 1826 1834 10973 10947 10976 10950 223 97 67
1820 1831 1837 1848 11066 11031 11071 11037 2 52 28
1868 1876 1877 1884 10989 10963 10991 10965 203 119 61
1100 1126 1099 1126 6107 6108 6116 6117 120 4 31
1099 1126 1098 1125 6122 6123 6131 6132 188 31 12
1039 1079 1038 1078 6131 6133 6152 6154 116 67 24
1091 1118 1090 1117 6241 6243 6250 6252 136 67 20
1093 1120 1093 1120 6204 6206 6213 6215 95 211 84
1014 1041 1014 1040 6056 6058 6065 6067 247 199 30
1029 1183 1026 1181 6152 6162 6188 6198 172 89 155
1092 1119 1092 1119 6219 6221 6228 6230 156 10 67
1023 1177 1020 1174 6250 6260 6286 6296 11 205 11
1680 1682 1686 1688 11031 11025 11032 11027 0 0 0
6812 6839 6796 6824 416 445 430 459 161 219 100
1006 1012 1006 1012 6068 6069 6074 6075 0 0 0
6866 6884 6859 6878 356 376 363 382 19 81 59
6142 6129 6150 6137 11360 11336 11355 11332 230 234 86
16629 16623 16629 16623 6226 6226 6232 6232 0 0 0
Current Objects
End Step
SimulationStep: 4
Current Pedestrians
9209 10528 false
9965 5630 false
12984 5975 false
14263 7912 false
13973 2214 false
5512 10577 false
7137 447 false
13889 11008 false
13096 9635 false
Current Vehicles
4667 4667 4688 4688 764 804 764 804 229 40 47
4644 4645 4665 4666 765 804 765 804 52 199 19
4730 4730 4739 4739 880 907 880 907 185 139 175
4689 4690 4710 4711 764 804 764 804 71 41 53
4742 4743 4760 4761 705 741 705 741 121 46 214
4772 4773 4790 4791 705 741 705 741 204 48 167
4715 4715 4724 4724 880 907 880 907 163 3 254
4618 4618 4627 4627 881 908 881 908 179 108 249
4631 4632 4639 4640 718 746 718 746 142 230 92
6936 6963 6920 6947 384 413 398 427 1 204 84
6980 6999 6974 6992 501 521 507 527 128 253 233
7041 7059 7034 7053 445 464 451 470 252 168 105
7030 7048 7023 7042 455 475 461 481 160 155 165
6851 6875 6838 6862 383 409 395 422 141 135 142
6938 6963 6925 6950 301 327 313 340 142 128 90
6967 7014 6948 6995 540 590 558 608 172 57 3
6997 7015 6990 7009 486 505 492 511 227 166 173
9837 9827 9845 9836 687 712 690 715 48 11 56
9865 9855 9873 9864 697 723 701 726 209 74 31
9948 9935 9965 9952 542 576 549 582 177 25 16
9998 9988 10006 9997 749 774 752 777 112 79 91
9997 9984 10014 10001 561 595 568 601 104 28 153
10032 10019 10049 10036 575 608 581 615 225 115 68
9907 9897 9915 9906 714 739 717 742 228 164 208
9851 9841 9859 9850 692 717 695 720 182 21 123
9921 9911 9929 9920 719 744 722 747 205 211 198
14806 14813 14832 14839 212 279 209 277 110 241 18
14763 14767 14781 14785 21 57 19 55 247 46 110
14872 14875 14881 14884 184 211 183 210 154 17 167
14815 14819 14833 14837 15 51 13 49 122 27 235
14867 14871 14885 14889 9 45 7 43 162 32 57
14738 14741 14747 14750 199 226 198 225 159 87 244
14857 14860 14866 14869 186 213 185 212 1 252 30
14738 14742 14759 14763 82 122 80 120 31 108 232
17374 17349 17377 17351 1585 1592 1593 1601 100 184 232
17521 17494 17524 17496 1504 1512 1512 1520 79 75 83
17358 17332 17361 17335 1527 1535 1536 1543 160 46 40
17327 17301 17330 17304 1419 1426 1428 1435 99 56 63
17546 17512 17551 17517 1551 1561 1568 1578 40 231 239
17385 17359 17387 17361 1621 1628 1630 1637 85 60 105
17451 17412 17456 17418 1428 1439 1448 1459 115 73 167
17331 17305 17334 17308 1433 1441 1442 1449 9 166 190
17368 17342 17371 17345 1563 1571 1572 1579 21 18 252
16438 16411 16438 16411 6166 6166 6175 6175 192 45 173
16612 16576 16612 16576 6205 6204 6223 6222 11 104 108
16554 16514 16553 16514 6225 6225 6246 6246 152 168 68
16438 16411 16438 16411 6129 6129 6138 6138 148 91 85
16613 16577 16613 16577 6092 6092 6110 6110 186 58 132
16437 16410 16437 16410 6249 6249 6258 6258 249 69 207
16612 16576 16612 16576 6182 6182 6200 6200 53 48 120
16439 16412 16439 16412 6054 6054 6063 6063 172 217 4
13905 13901 13914 13910 11057 11030 11055 11029 142 178 7
13949 13945 13967 13963 11227 11191 11225 11189 4 189 254
13994 13989 14012 14007 11221 11185 11219 11183 51 203 222
13994 13991 14003 14000 11045 11018 11044 11017 137 142 253
14044 14039 14065 14060 11155 11116 11153 11113 216 240 72
14051 14041 14076 14067 11021 10946 11017 10943 80 234 93
14096 14091 14117 14112 11148 11109 11146 11106 31 152 142
14128 14123 14146 14141 11203 11168 11201 11165 64 6 250
9272 9267 9281 9276 10850 10823 10849 10822 234 184 210
9410 9404 9427 9422 10908 10872 10905 10869 197 4 141
9404 9400 9413 9409 10732 10705 10730 10703 11 66 90
9419 9414 9428 9423 10729 10702 10728 10701 182 200 139
9293 9289 9302 9298 10750 10723 10748 10722 251 12 213
9291 9285 9309 9303 10927 10892 10924 10889 124 14 194
9335 9330 9343 9338 10909 10880 10907 10879 245 75 70
9339 9333 9360 9354 10860 10821 10856 10817 181 94 210
6115 6101 6123 6109 11163 11140 11159 11135 190 182 192
6052 6038 6059 6046 11412 11389 11408 11385 79 138 198
6182 6164 6198 6180 11326 11295 11317 11286 26 211 80
6055 6035 6073 6053 11332 11298 11322 11287 65 224 141
6074 6003 6104 6033 11320 11197 11302 11179 92 95 10
6050 6036 6058 6044 11201 11177 11196 11173 132 28 189
6145 6131 6152 6138 11334 11310 11330 11306 149 120 149
6064 6029 6086 6052 11405 11346 11392 11333 26 240 195
6132 6112 6150 6131 11287 11253 11277 11242 114 112 83
1817 1825 1825 1833 10873 10847 10876 10850 5 140 64
1917 1925 1926 1934 10904 10878 10906 10881 34 113 143
1860 1868 1868 1876 10886 10861 10889 10863 27 78 16
1696 1704 1704 1712 10936 10910 10939 10913 100 54 173
1846 1853 1854 1862 10882 10856 10885 10859 223 97 67
1823 1833 1840 1850 11058 11023 11063 11028 2 52 28
1896 1904 1904 1912 10897 10871 10900 10874 203 119 61
1195 1222 1194 1221 6113 6114 6122 6123 120 4 31
1194 1221 1193 1220 6128 6129 6137 6138 188 31 12
1077 1117 1076 1115 6133 6136 6154 6157 116 67 24
1186 1213 1186 1212 6247 6249 6256 6258 136 67 20
1189 1215 1188 1215 6210 6212 6219 6221 95 211 84
1014 1041 1014 1040 6056 6058 6065 6067 247 199 30
1057 1211 1055 1209 6154 6164 6190 6200 172 89 155
1188 1214 1187 1214 6225 6227 6234 6236 156 10 67
1051 1205 1049 1203 6252 6261 6288 6297 11 205 11
1681 1683 1687 1689 11028 11022 11030 11024 0 0 0
6828 6855 6812 6840 433 462 447 476 161 219 100
1008 1014 1008 1014 6068 6069 6074 6075 0 0 0
6886 6904 6879 6898 378 398 384 404 19 81 59
6128 6114 6135 6122 11334 11311 11330 11306 230 234 86
16629 16623 16629 16623 6226 6226 6232 6232 0 0 0
9903 9889 9922 9908 510 547 517 554 15 151 142
17531 17505 17533 17507 1462 1470 1471 1478 10 59 87
6090 6077 6098 6085 11390 11366 11385 11362 62 254 217
Current Objects
End Step
SimulationStep: 5
Current Pedestrians
9211 10527 false
9965 5633 false
12984 5975 false
14263 7912 false
13973 2214 false
5513 10576 false
7137 447 false
13890 11008 false
13097 9633 false
2073 6115 false
6278 10972 false
8731 6914 false
13208 9679 false
Current Vehicles
4667 4668 4688 4689 818 858 818 858 229 40 47
4645 4645 4666 4666 818 858 818 858 52 199 19
4732 4732 4741 4741 1016 1043 1016 1043 185 139 175
4690 4690 4711 4711 818 858 818 857 71 41 53
4743 4743 4761 4761 718 754 717 753 121 46 214
4773 4773 4791 4791 717 753 717 753 204 48 167
4717 4717 4726 4726 1016 1043 1016 1043 163 3 254
4619 4619 4628 4628 1017 1044 1017 1044 179 108 249
4631 4632 4639 4640 738 767 738 766 142 230 92
6972 6999 6957 6984 423 452 437 466 1 204 84
7073 7092 7067 7085 600 620 606 626 128 253 233
7133 7152 7127 7145 544 564 550 570 252 168 105
7122 7141 7116 7134 554 574 560 580 160 155 165
6859 6884 6846 6871 392 418 404 431 141 135 142
6947 6972 6934 6958 310 337 323 349 142 128 90
7067 7114 7048 7095 647 697 665 715 172 57 3
7090 7108 7083 7101 585 604 591 611 227 166 173
9788 9779 9797 9787 813 838 816 842 48 11 56
9816 9807 9825 9815 824 849 827 852 209 74 31
9944 9931 9960 9948 554 587 560 594 177 25 16
9949 9939 9958 9948 875 900 879 904 112 79 91
9993 9980 10009 9997 573 606 579 613 104 28 153
10028 10015 10044 10032 586 620 593 626 225 115 68
9858 9848 9867 9857 840 865 843 869 228 164 208
9802 9793 9811 9801 819 844 822 847 182 21 123
9872 9862 9881 9871 846 871 849 874 205 211 198
14822 14829 14848 14855 357 425 354 422 110 241 18
14764 14768 14782 14786 33 69 31 67 247 46 110
14887 14890 14896 14899 319 346 318 345 154 17 167
14816 14820 14834 14838 27 63 25 61 122 27 235
14869 14872 14886 14890 22 57 20 55 162 32 57
14753 14756 14762 14765 334 361 333 360 159 87 244
14872 14875 14881 14884 321 348 320 347 1 252 30
14744 14748 14765 14769 136 175 133 173 31 108 232
17244 17218 17246 17220 1622 1629 1631 1638 100 184 232
17502 17474 17504 17477 1510 1518 1518 1526 79 75 83
17228 17202 17230 17204 1564 1572 1573 1580 160 46 40
17197 17171 17199 17173 1456 1463 1465 1472 99 56 63
17534 17500 17539 17505 1554 1564 1571 1581 40 231 239
17254 17228 17257 17231 1658 1665 1667 1674 85 60 105
17399 17361 17405 17367 1443 1454 1463 1474 115 73 167
17201 17175 17203 17177 1470 1478 1479 1487 9 166 190
17238 17212 17240 17214 1600 1608 1609 1616 21 18 252
16302 16275 16302 16275 6165 6165 6174 6174 192 45 173
16600 16564 16600 16564 6204 6204 6222 6222 11 104 108
16500 16460 16500 16460 6225 6224 6246 6245 152 168 68
16303 16276 16303 16276 6128 6127 6137 6136 148 91 85
16601 16565 16601 16565 6092 6092 6110 6110 186 58 132
16302 16275 16301 16274 6248 6247 6257 6256 249 69 207
16600 16564 16600 16564 6182 6182 6200 6200 53 48 120
16303 16276 16303 16276 6053 6052 6062 6061 172 217 4
13912 13909 13921 13918 11056 11029 11054 11028 142 178 7
13948 13943 13966 13961 11215 11179 11212 11177 4 189 254
13992 13988 14010 14006 11209 11173 11206 11171 51 203 222
13976 13973 13985 13982 10910 10883 10909 10882 137 142 253
14037 14032 14058 14053 11102 11063 11099 11060 216 240 72
14031 14021 14057 14047 10874 10800 10871 10796 80 234 93
14089 14084 14110 14105 11095 11056 11092 11053 31 152 142
14126 14122 14144 14139 11191 11155 11189 11153 64 6 250
9279 9275 9288 9284 10849 10822 10847 10821 234 184 210
9408 9402 9425 9420 10895 10860 10892 10857 197 4 141
9382 9378 9391 9386 10598 10571 10596 10569 11 66 90
9397 9392 9406 9401 10595 10568 10594 10567 182 200 139
9271 9267 9280 9275 10616 10589 10615 10588 251 12 213
9289 9283 9307 9301 10915 10879 10912 10876 124 14 194
9332 9327 9340 9335 10888 10860 10887 10859 245 75 70
9331 9324 9351 9345 10807 10768 10803 10764 181 94 210
6047 6033 6054 6041 11046 11022 11041 11018 190 182 192
6052 6038 6059 6046 11412 11389 11408 11385 79 138 198
6176 6158 6192 6174 11315 11284 11306 11275 26 211 80
6028 6008 6046 6026 11286 11252 11275 11241 65 224 141
6047 5975 6077 6006 11273 11150 11255 11132 92 95 10
5982 5968 5990 5976 11083 11060 11079 11055 132 28 189
6135 6121 6142 6128 11317 11292 11313 11288 149 120 149
6064 6029 6086 6052 11405 11346 11392 11333 26 240 195
6105 6085 6124 6104 11241 11206 11230 11196 114 112 83
1856 1864 1865 1873 10743 10718 10746 10720 5 140 64
1957 1965 1965 1973 10774 10748 10777 10751 34 113 143
1899 1907 1908 1916 10756 10731 10759 10733 27 78 16
1703 1711 1712 1719 10938 10913 10941 10915 100 54 173
1885 1893 1894 1901 10752 10726 10755 10729 223 97 67
1826 1837 1844 1854 11046 11011 11051 11017 2 52 28
1935 1943 1944 1952 10767 10742 10770 10744 203 119 61
1330 1357 1330 1357 6121 6123 6130 6132 120 4 31
1329 1356 1329 1356 6136 6138 6145 6147 188 31 12
1131 1170 1129 1169 6136 6139 6157 6160 116 67 24
1322 1349 1321 1348 6256 6258 6265 6267 136 67 20
1324 1351 1323 1350 6219 6220 6228 6229 95 211 84
1014 1041 1014 1040 6056 6058 6065 6067 247 199 30
1098 1252 1096 1250 6157 6167 6193 6203 172 89 155
1323 1350 1322 1349 6234 6235 6243 6244 156 10 67
1092 1246 1089 1244 6254 6264 6290 6300 11 205 11
1683 1684 1688 1690 11023 11018 11025 11019 0 0 0
6853 6881 6838 6865 461 490 475 504 161 219 100
1011 1017 1011 1017 6069 6069 6075 6075 0 0 0
6926 6945 6920 6938 421 441 427 447 19 81 59
6098 6084 6106 6092 11283 11260 11279 11255 230 234 86
16628 16622 16628 16622 6226 6226 6232 6232 0 0 0
9899 9884 9918 9904 520 558 528 565 15 151 142
17502 17477 17505 17479 1470 1478 1479 1486 10 59 87
6076 6062 6083 6070 11364 11341 11360 11336 62 254 217
6871 6890 6865 6883 351 371 357 377 255 60 141
17543 17481 17551 17489 1512 1530 1538 1556 156 51 87
16623 16596 16623 16596 6033 6033 6042 6042 221 226 75
9397 9393 9406 9402 10919 10892 10918 10891 24 187 138
6121 6108 6129 6115 11338 11315 11333 11310 44 98 27
10016 10014 10022 10019 550 555 552 558 0 0 0
16629 16623 16629 16623 6233 6233 6239 6239 0 0 0
9307 9306 9313 9312 10942 10936 10941 10935 0 0 0
Current Objects
End Step
